# Created by Octave 3.6.4, Sun Aug 10 13:22:36 2014 JST <jay@jay-ubuntulaptop>
# name: priceY
# type: matrix
# rows: 4
# columns: 1
 321
 212
 551
 666


